0.8003514
0.8175598
0.81240106
0.84180194
0.6821202
0.6673612
0.75987947
0.8339959
0.7810079
0.80753744
0.7803374
0.7388308
0.8339735
0.7236561
0.8275051
0.8199099
0.7661108
0.32231283
0.86753917
0.6971004
0.756561
0.8420839
0.7401148
0.8031395
0.748768
0.58006495
0.84594417
0.8034189
0.858938
0.8231894
0.9155827
0.85098267
0.86007005
0.8868527
0.76842934
0.8315746
0.8784592
0.7627647
0.5459083
0.72538525
0.72556734
0.83137906
0.7756038
0.7823284
0.8646717
0.7815063
0.66084725
0.80650175
0.84018445
0.7984815
0.8481672
0.806849
0.8586797
0.82255775
0.80632037
0.80365205
0.845882
0.8740366
0.79052955
0.8442001
0.80065
0.84088826
0.5084083
0.87680036
0.7081937
0.7952136
0.81191003
0.9182898
0.83968234
0.810394
0.84993565
0.8358568
0.8371403
0.844622
0.8260331
0.86065805
0.83404785
0.8166488
0.963397
0.8733497
0.781335
0.77876
0.8190817
0.85959667
0.7688191
0.879614
0.80911946
0.6850241
0.802456
0.8324557
0.81227744
0.91270334
0.9024474
0.8543608
0.88674015
0.8253777
0.8515453
0.8310669
0.79756165
0.8429789
0.7031585
0.8298763
0.851965
0.77505714
0.8683937
0.7786316
0.8559615
0.8147559
0.8157669
0.76805943
0.8452183
0.7931378
0.82597774
0.81503713
0.8449041
0.5260838
0.8729582
0.83409613
0.90055436
0.81729245
0.8741791
0.6755008
0.81444293
0.8106082
0.7705116
0.8161401
0.8604938
0.86928296
0.796865
0.5070484
0.83111966
0.8170925
0.8057909
0.83174795
0.84827155
0.720403
0.8773338
0.76284814
0.78560084
0.8113676
0.8353988
0.7086763
0.8389833
0.87557256
0.90223926
0.8337239
0.7465231
0.79454994
0.74821985
0.776805
0.8402203
0.82380867
0.8097663
0.7519332
0.9009511
0.70554537
0.7636104
0.75480795
0.83543277
0.89708006
0.7628452
0.87036914
0.708665
0.9526123
0.78996396
0.85706145
0.69500315
0.843457
0.84028125
0.66178316
0.8246962
0.7058649
0.77730227
0.8833971
0.54756415
0.78789616
0.8229912
0.8059753
0.7178998
0.77844167
0.87304026
0.84164125
0.83781695
0.76293105
0.7128873
0.7273748
0.9113157
0.8365574
0.85806745
0.8141144
0.86921775
0.7695175
0.8334058
0.67944324
0.8314402
0.84113014
0.8591268
0.777403
0.80404884

2-156
0.6281172
0.61167634
0.9398956
0.6735772
0.8387308
0.93539304
0.8316421
0.7743198
0.89316034
0.70450425
0.87327117
0.83471584
0.9216871
0.9182519
0.656007
0.8897465
2-1710.81331885
0.9447174
